38
1 1024 1 1024
2 1024 1 1024
4 1024 1 1024
10 1024 1 1024
20 2048 1 2048
30 2048 1 4096
40 2048 1 4096
50 2048 1 8192
60 2048 1 8192
70 2048 1 8192
80 2048 1 8192
90 2048 1 8192
100 2048 1 8192
120 2048 1 8192
140 2048 1 8192
160 2048 1 8192
180 2048 1 8192
200 2048 1 8192
250 2048 1 8192
300 2048 1 8192
350 2048 1 8192
400 2048 1 8192
500 2048 1 8192
600 2048 1 8192
700 2048 1 8192
800 2048 1 8192
900 2048 1 8192
1000 2048 1 8192
1100 2048 1 8192
1200 2048 1 8192
1300 2048 1 8192
1400 2048 1 8192
1500 2048 1 8192
1600 2048 1 8192
1700 2048 1 8192
1800 2048 1 8192
1900 2048 1 8192
2000 2048 1 8192


