38
1 1024 1 1024
2 1024 1 1024
4 1024 1 1024
10 1024 1 1024
20 2048 1 2048
30 2048 1 4096
40 2048 1 4096
50 2048 1 4096
60 2048 1 4096
70 2048 1 4096
80 2048 1 4096
90 2048 1 4096
100 2048 1 4096
120 2048 1 4096
140 2048 1 4096
160 2048 1 4096
180 2048 1 4096
200 2048 1 4096
250 2048 1 4096
300 2048 1 4096
350 2048 1 4096
400 2048 1 4096
500 2048 1 4096
600 2048 1 4096
700 2048 1 4096
800 2048 1 4096
900 2048 1 4096
1000 2048 1 4096
1100 2048 1 4096
1200 2048 1 4096
1300 2048 1 4096
1400 2048 1 4096
1500 2048 1 4096
1600 2048 1 4096
1700 2048 1 8192
1800 2048 1 8192
1900 2048 1 8192
2000 2048 1 8192


